20368206
86050767
00197601
27670163
83426377
02770517
20886535
34379805
47929315
14495500
82268911
14818869
83300776
43240805
50310332
54237878
26309736
10921967
38981419
81627845
25475978
81429807
46772381
18352082
21135690
78726164
21796854
03118918
33528919
09264665
07301575
92210965
25456012
09701321
94739482
14272009
23179836
75950943
96094971
80779175
95893712
38131304
31517794
77293682
24267038
16946908
72220940
44939213
80010416
76438699
82024225
05710417
52201818
59742015
69560076
27658451
12999325
17125184
17082946
20722940
75925113
24684674
30064917
67864552
29389497
50067862
28392772
28815941
84594031
38789473
89518875
04943294
50639018
57027624
23026598
59616139
57107011
72607382
64460096
04855246
70415484
30565317
12811197
90533417
34117156
11066511
40002438
68849987
34726602
10090455
55794437
61031214
92820510
90217746
88061246
26959383
27809351
49446140
75071158
35181186
